63
52
49
47
44
45
43
43
43
56
64
62
65
10
43
43
43
55
43
43
43
6
43
43
49
61
2
43
59
72
43
43
9
43
43
4
43
71
134
129
130
133
137
136
43
140
142
144
141
143
145
43
81
146
147
43
150
149
152
157
153
154
155
156
158
43
160
43
166
163
164
167
169
168
170
51
75
74
73
68
6
43
54
171
43
175
179
180
183
79
77
182
83
190
219
66
139
210
51
43
70
43
221
220
224
223
276
272
227
62
4
43
7
232
234
43
233
226
252
255
253
256
43
84
256
295
297
159
80
96
257
43
174
261
329
188
329
333
331
330
334
334
177
336
341
339
340
343
263
263
185
262
264
269
344
346
347
349
9
348
266
186
355
355
358
357
361
360
Erreur d'envoi du paquet: Operation not permitted
272
231
87
43
367
365
363
366
369
371
372
187
362
377
375
379
274
Erreur d'envoi du paquet: Operation not permitted
278
99
104
76
105
259
324
Erreur d'envoi du paquet: Operation not permitted
385
384
380
392
246
293
393
190
394
230
395
307
191
217
397
399
401
402
Erreur d'envoi du paquet: Operation not permitted
300
258
318
241
69
112
289
138
413
301
200
412
329
415
287
73
329
135
332
420
417
199
422
419
425
427
123
428
329
126
173
433
436
431
432
350
440
439
335
178
444
184
446
225
222
452
197
351
270
196
368
345
349
373
454
376
381
383
378
458
445
464
467
267
382
381
396
212
474
473
265
408
218
195
476
383
305
151
381
250
47
364
78
481
485
487
488
489
486
321
490
383
493
398
403
404
494
327
501
503
507
505
506
279
321
508
509
511
327
513
519
327
515
387
518
517
520
260
521
523
524
526
525
527
528
383
531
529
530
298
532
534
535
536
544
542
537
538
539
541
543
136
405
316
548
296
546
547
549
551
550
553
554
273
557
559
562
558
249
315
400
566
565
292
564
567
238
304
216
570
327
569
275
172
237
572
573
574
579
575
576
67
322
202
586
581
589
590
294
593
239
229
561
114
409
248
597
328
602
277
607
247
608
243
609
611
613
211
311
203
610
291
617
619
620
327
329
303
290
313
299
242
329
624
623
418
625
628
193
329
215
423
416
324
633
634
635
636
323
309
208
639
302
429
214
653
287
240
320
108
320
317
192
235
658
659
414
655
329
662
430
64
148
441
666
338
670
667
675
672
676
677
664
678
680
679
207
121
682
681
685
684
683
687
686
288
161
434
688
689
695
694
674
696
697
698
699
165
700
438
701
702
705
162
703
426
447
181
342
198
709
712
282
283
690
716
713
356
285
449
281
450
353
268
280
374
456
460
462
463
465
466
383
468
475
354
442
726
251
745
744
421
479
478
491
318
750
749
746
748
751
755
451
563
516
568
580
453
758
757
760
457
761
461
763
765
370
767
769
768
771
772
770
774
773
775
777
780
778
779
781
783
785
786
380
787
791
788
469
792
790
91
585
381
797
794
793
795
798
799
801
587
204
595
805
806
804
808
807
809
811
813
814
320
598
816
818
821
823
822
599
825
604
228
388
826
829
827
828
833
308
606
837
835
836
838
839
841
840
314
612
614
843
845
846
847
844
848
849
852
850
851
853
854
855
857
859
856
860
862
858
863
864
866
865
868
870
867
871
310
312
206
236
411
326
873
872
876
615
879
875
880
472
885
887
886
424
889
389
629
892
891
888
893
646
898
897
895
896
899
902
901
903
904
319
900
327
337
905
908
906
911
912
909
914
910
652
920
245
874
627
194
307
471
650
707
927
881
929
931
933
937
936
477
939
935
437
459
448
752
942
940
943
946
941
945
944
949
951
954
953
952
955
956
957
958
176
753
407
959
766
784
582
483
972
973
971
482
976
406
974
975
977
978
817
815
588
820
824
596
982
979
980
981
983
987
989
988
986
603
796
601
830
480
992
831
994
205
869
861
890
894
916
922
497
1011
498
502
496
1012
1013
500
1015
1016
1018
925
918
1017
284
921
643
924
651
919
1019
631
1020
492
923
654
1022
1023
510
499
669
504
928
938
756
390
961
706
960
966
704
962
657
560
484
964
514
522
645
512
545
244
540
321
325
209
552
555
386
571
578
583
591
577
600
556
594
584
592
213
201
622
410
621
618
533
616
638
632
626
630
605
641
637
642
435
656
665
647
648
661
649
644
663
671
660
673
668
720
693
708
443
691
722
723
710
714
715
717
692
730
729
728
732
731
733
734
735
727
736
719
725
718
724
738
737
739
740
741
743
742
352
782
747
762
759
455
812
764
789
776
803
834
832
819
810
800
842
884
877
882
878
883
470
965
915
930
926
967
963
948
968
947
934
932
950
969
985
990
391
998
1000
991
996
1002
495
995
1001
1004
1007
1003
999
1005
1009
1006
1008
1024
1021
1010
640
721
711
802
754
913
907
917
970
993
997
1014
984
